2.1560347291619273
2.1422075794861963
2.1435216066812868
2.1429300466114709
2.1392153290809204
2.1421172090970928
2.1382293475385863
2.1327651158106327
2.1349884050049743
2.1314147297955834
2.1313640303990731
2.1286345524952535
2.1222875078944852
2.1329581300847327
2.1244372070044957
2.1173577805602548
2.1308455987742998
2.1172662270510947
2.1246554756079234
2.1288000539318945
2.1165207318776273
2.1236194218566156
2.113320264159674
2.1215650338630634
2.1220949250351566
2.1291197990632194
2.1146817545196552
2.1153491305135637
2.1116532198334221
2.1170417039987632
2.1279228318694217
2.1115229436032141
2.1210365186533853
2.1121795433830908
2.1196859073509642
2.1095472874383137
2.1113921925812855
2.1136516916063703
2.1026926941241029
2.106775577930688
2.1119331204370604
2.1075934990494001
2.1152978113848588
2.1104302482282189
2.1065657438106173
2.1115185061095456
2.1077303530697633
2.1107965405062745
2.1111710075798498
2.1166917125515954
2.1085585015324733
2.1101087122125302
2.1091133320613435
2.1086589964552553
2.1081594376599275
2.1049238760635531
2.1063572970285915
2.10360771262344
2.1073941587943801
2.1077234883061391